GROUP,Dominion,Dominion,Dominion,Dominion,Dominion,Dominion,Dominion,Dominion
PACKAGE,org.cs362.dominion,org.cs362.dominion,org.cs362.dominion,org.cs362.dominion,org.cs362.dominion,org.cs362.dominion,org.cs362.dominion,org.cs362.dominion
CLASS,GameState,Card.CardName,Card,PlayDominion,Randomness,Card.new Object() {...},Card.Type,Player
INSTRUCTION_MISSED,362,0,653,56,0,96,0,192
INSTRUCTION_COVERED,228,228,454,32,23,0,48,490
BRANCH_MISSED,42,0,101,2,0,0,0,21
BRANCH_COVERED,12,0,11,0,0,0,0,21
LINE_MISSED,70,0,146,10,0,1,0,44
LINE_COVERED,46,6,76,8,7,0,2,89
COMPLEXITY_MISSED,27,0,58,1,0,1,0,12
COMPLEXITY_COVERED,11,4,18,2,4,0,4,23
METHOD_MISSED,2,0,1,0,0,1,0,0
METHOD_COVERED,9,4,13,2,4,0,4,14
